██╗   ██╗  ██╗ ██████╗ ██████╗ ██████╗ 
██║   ██║ ███║ ██╔══██╗╚════██╗██╔══██╗
██║   ██║ ╚██║ ██████╔╝ █████╔╝██████╔╝
╚██╗ ██╔╝  ██║ ██╔═══╝  ╚═══██╗██╔══██╗
 ╚████╔╝   ██║ ██║      ██████╔╝██║  ██║
  ╚═══╝    ╚═╝ ╚═╝      ╚═════╝ ╚═╝  ╚═╝

Join the server :D
https://discord.gg/4QRRmgEHxj

Total IDs: 832
latest certification: 18/02/2025
                      02/18/2025

15246438720
14977770946
133716642055346
15828624267
81354920672299
123105245682929
15497755711
18387496271
129845214646283
129733201877217
16794597816
111634372048932
120684065352569
17579152409
17851712917
1744067175
16347388522
17282651118
127645450926178
15906464192
101146909757974
111226097598299
17218908827
81898001513644
12483565657
113876159410840
17001811082
97422133161286
75960444077354
18908763044
134568429837493
93827200459481
13534869464
16073611626
100332315910758
3738323
15134595523
16262027463
18425735966
17363194472
18422702308
15249041701
13233530011
8435385638
16282728935
18827008663
4742745849
17279884784
122887580042111
18434024486
16454369273
77873177028693
406856232
7827358680
127080220427021
131314557916265
92074321503780
7466670866
15010804701
17831729401
457945433
71616886766173
98721283544165
13601322562
18387651918
79407152776637
16174138833
135100753033757
121526308304574
84950310773538
15451384059
110368997684016
14428655520
128451835084774
110151109103742
15325990564
140476804241235
77327078322444
112356040413217
16800821438
118602357027090
18387650494
15940931369
15010781974
94226888307975
102750635176426
81577891469102
78278500237262
107467331749006
76418640626699
18852384064
123405083737136
15982582645
15816411293
137385259853434
18370641875
16834733639
82237467378281
109310717908962
17878570022
18425727434
13019094765
88885634056326
132131774521963
18957525165
120516293736121
18387654170
71569576391340
18853189622
18387650550
17180571049
92233755751348
97937016964141
15727889604
8245260366
133698707944565
96702557762725
7238965445
113252967255775
111111111
138592870609072
17795976489
74734350539196
16031874358
14234565453
114707902244579
17811956287
86527521434637
94384482372836
11862845506
103995097032356
112862120083620
99805685471744
81530940952788
120842620885084
128543548659786
128623739876721
87808722282984
18331937805
83529043050889
17119419137
133093609227945
2402924424
110893499116648
123695969170588
18963775314
87650750490522
119393659299442
16112556698
105265426106482
11884965384
15214778096
87999051476652
117484319407096
82984093446849
111333682
16761855186
17486852273
75580901212768
4981724388
72406720952008
15106374904
80763062998082
119534345380776
114284106109881
18397555771
134452153775314
553535366
101152892825824
131534404959646
15125085506
81096265420367
18252950424
3237779000
17517857875
13390594173
16114770275
18770680281
84203531884610
17499031658
135155619202338
133452756621773
106735772364986
14185316475
124639066851978
87310006687526
127692451647421
7973596908
89713859616502
136064361493886
133510730181434
18647726064
84737030601402
15517307559
12734231469
18387477738
15204605783
11341795981
87794447837133
536815538
18162010456
148957977
8739759900
18192998609
74721988398448
82775123850552
121024779634605
138409758909099
114907978176059
100599758207783
72952465735201
15301731062
18852647564
98288754036171
17579364739
18638981590
18147747645
14433541286
17798202282
86303921998621
18771234924
134230836074818
97071351429101
6039973737
94767152751031
10573763962
8739769900
146470272
446675253
101401391559857
97932486818688
16239253087
114869235796455
18145991978
17596316097
17660675056
98154353383116
16831224995
76938430536234
112053155932155
107630934859925
17558541889
17350087370
18309294300
17230848237
91813392310651
17282448050
4734539973
122959833950425
18277732077
98903348490033
15226827415
965708377
14444207256
18900984755
12157303413
77640931277806
2073452205
119133972888999
3473463488
8559327643
15296538360
71289567289381
95269107929605
16953492421
16361987886
111248274406925
105404057057571
18911445895
131880295833718
16552596406
73689529538198
135648418999236
18433527313
11989534456
120635163748619
136766362280868
117074049607894
107947512491010
103032768826902
137517343215454
18197127217
80525765100040
131017213027743
100919405370584
129104526690280
91640468084230
18387481521
18832883829
16254433618
74963693223788
135619011232561
13065461290
481256212
18757065048
118917921167527
75009227105419
140543215763027
94682496763579
15383261048
135834858764654
131087432547686
107951460566473
72696643653937
106063490587664
15451384037
105634731153203
8381524061
17497331752
16362029094
954040989
18723746632
93510634622843
16484249683
105957046149979
106966799786410
139464548362045
15441831789
510603388
113716287468932
126158402889379
10012831714
17507871912
2877775397
11850260082
130798000646319
92009324538405
16181473674
11606784040
80837790920645
93100434527362
131959001602675
11884965413
134770241765833
125757889514331
15417880887
75542846
116652380675428
102971699493095
18348793145
140477700435947
91886036627642
6403436082
18656692961
78007573709854
79703286724534
18832878483
13526622924
15248684931
7052032073
136376208055422
18557576897
17557598045
140684668464217
12821263578
16366677622
13192760743
121129552739154
8788416306
99769457399187
15188276562
103439963087026
15482441169
83237957304188
15429835010
91982782866581
16127828514
136020756982716
18934338937
16564689925
14375008785
96550086827066
84423816359342
95238510692077
121225011832934
113857715579710
97745635493393
120481932765009
104484488609242
96494399042853
16661892037
17541983373
17815998041
10903590062
106347159677133
16362028519
15068055347
9217029086
91259225034262
103865215053174
6730734796
96939870685147
130567013470847
139868899935530
17870351495
16973393191
17650047203
100954401948857
81707374468973
18492383592
6774394236
6595844253
139255749162333
15432922783
116175356327163
124742807522069
130845113577798
16020542293
16181473562
102865265264222
15429520167
101244581645606
87695575456115
72440630381475
18776512874
16020543751
111520074495756
129909054333351
125275456089555
98383074649938
139618874746804
8120346791
18387497024
81567784222481
16338377452
16022488458
18356777499
17662126132
17016509745
6996208015
17392941285
18476843912
16789001040
74702263330368
2652378842
94489670713130
88861476462280
104039678739305
122744939588608
136824324639200
123529170314320
88534892975903
99393121043348
18387657368
109559093132504
15439674451
120080431814277
5130181149
128242593825104
100646954000203
18277139352
82020824242537
17553618011
18953590927
103256703490258
110874672463592
18828434134
18234730005
15620754681
17675239791
81630229644376
8411747488
16350975246
17388827333
7907500398
16001082681
91027585340906
6491146718
15886630422
82747871306593
108709007312916
122216534668058
72237727784181
13913577352
14781860582
16949938201
13539473708
81733817465637
7996148919
16804978423
15010659717
114557109211652
109147163549767
5812993638
18355017610
13822013448
15450214488
17388830711
126679223769582
119554506847752
91666955238478
72051009468736
18557433429
135144917673470
101246026971116
128478016223427
17804912598
121232155454844
76270813070984
118070591958481
110932014551780
16749835472
82901456891422
12142199420
102917293151317
10071287391
88707903564249
16463308998
15171706239
81662210926349
17494922116
15090848072
139552019223221
119968117701658
16991832546
16241141130
12603801369
108940491907204
7696661519
15429835054
16902225011
18255644160
17731472254
536815537
90835369332781
92232924458710
86287031023305
138581932047940
93778942449449
97737097738687
82915458574394
94899839462585
114559163040743
104225731728011
18297211077
17179871097
16711789946
104920562040519
1456873596
18770972184
125484651472122
14568735961
18373609788
126970907170749
17028099223
15639795791
133269739734908
77204248026011
104988644115719
9439901716
87328415347363
82384746632989
9421980540
3091565598
133601990969997
18323668076
14047062145
15139752573
140704071668326
8818033263
16432173579
15081587887
18387480028
127919122704124
120668844545236
16275893238
9417424144
18120766400
109652716761710
18856404553
74135672987991
101758279759993
122185507454768
18313836560
11275894391
7470987580
102963118840486
107966814470227
83270946679186
15773509792
17776572106
18978503142
18496571729
17666937811
90742508025401
18489879441
5837842116
122220583790592
16484076914
138105096395422
15010504793
15034617878
18833467787
7495300170
88334612604693
118261610614463
14509049810
93764716179934
80404470418867
106443601915710
16757044694
18471277204
6472105952
16732744279
14499125404
110929793084995
108037171985874
114992777502667
18387481947
15833396322
6969699696
14511106023
86350541724234
91993167007925
5661701850
17691666934
79713207355300
16181928344
17230006433
18841810511
124897746945229
17064538376
14064551660
115423974358283
87525604367000
84739546336278
136648150173310
119681214741724
18541095883
17875315187
7100064192
16548661940
18852650924
17127993410
17806926439
16628197178
68856596
462120956
16418432157
14464732483
84833965043144
18613833841
17508079467
18811672838
15928488189
17568537287
18241190505
111497296516250
16273756183
17568451228
17507900338
14341591086
17363196663
23865449
72363643773844
18144352210
14317412422
15594138812
110297330389449
18191314538
96767662126332
78214612851692
127419617021151
140183365114936
107445974384614
109156973740631
15010810440
83577875726176
14536045042
17776674256
16970044533
113222377231539
117405412186474
92503187908925
71170090045217
8128950867
15393007368
6603567889
15122028632
97033452858941
96286199187218
115345808784790
48336684
18975819906
18786728978
77689497149984
121259956020740
18373918746
18906597209
124845733145759
124725579730038
8808177473
108861621864323
72351826511748
137480335236359
94266130830252
6793293495
127954256891435
128690601885995
15692412720
132730943635899
86011772359695
18862946143
17809225763
94876455970732
18939829620
17649721743
15011136485
18494812120
18855595236
18252930272
17295345529
123717480976628
87981424106884
124724173283520
10412863426
17477714005
118598386558356
95421100818352
138750499778693
79116096964042
14134182030
14342469216
13273449295
94862275089687
96100009585527
135767341487691
16878967798
82980743621713
221212121
125585495380268
86728582333402
140214761475791
18771118810
18638911673
135157838706728
99646365638881
16798326583
7476994323
15846920154
134777256465283
2938774550
16842754802
18513208814
85055875083813
134352636367086
16469124626
18853436431
2340909366
17829400270
119740669696004
18437048863
18111357553
89419748978032
84302175951225
17810806818
99138024619944
118524479003754
493003212
135905355831307
17267228151
18471277164
131051867849384
16840788962
113819329293055
18744243626
79664916136898
95425938441145
9389374943
18734824900
113803553255858
125679063682710
17899165095
18387648145
77291001046957
14259644591
18388923301
127492134991416
130881906147298
13853621163
121546821940358
129041887266806
9448812370
17794374666
15011134031
14799621400
16841895426
8123282793
91703702444627
15357880495
79307433148970
15703838843
106415320665738
14132140824
121482327460783
78624294425286
17104520322
113294745086663
83090690665036
18253030000
12431341234
88224902468734
132059526651702
92370104016452
133412300514365
76583603412963
138175864984547
96353421473020
128349930598886
12600171654
84218507604925
15210356123
75831386058392
16834914955
89038937713052
5520981545
131278810995090
18151265402
18569051028
18239684877
13300676281
134319671705313
13248776447
108709375922635
12838589742
97210591304198
15455462463
18361106601
15019038622
124660509833453
18236438481
132465909786326